200	no	10	20	0.0	0.0	000	0.419	0.067
200	no	10	20	0.0	0.0	020	0.427	0.079
200	no	10	20	0.0	0.0	040	0.427	0.075
200	no	10	20	0.0	0.0	060	0.424	0.082
200	no	10	20	0.0	0.0	080	0.424	0.073
200	no	10	20	0.0	0.0	100	0.424	0.081
200	no	10	20	0.0	0.0	120	0.426	0.075
200	no	10	20	0.0	0.0	140	0.425	0.079
200	no	10	20	0.0	0.0	160	0.425	0.074
200	no	10	20	0.0	0.0	180	0.423	0.080
200	no	10	20	0.0	0.0	200	0.425	0.081
200	no	10	20	0.001	0.11	000	0.419	0.067
200	no	10	20	0.001	0.11	020	0.423	0.071
200	no	10	20	0.001	0.11	040	0.433	0.068
200	no	10	20	0.001	0.11	060	0.431	0.067
200	no	10	20	0.001	0.11	080	0.428	0.068
200	no	10	20	0.001	0.11	100	0.426	0.070
200	no	10	20	0.001	0.11	120	0.425	0.066
200	no	10	20	0.001	0.11	140	0.426	0.065
200	no	10	20	0.001	0.11	160	0.425	0.066
200	no	10	20	0.001	0.11	180	0.424	0.065
200	no	10	20	0.001	0.11	200	0.421	0.066
200	no	10	20	0.1	0.2	000	0.419	0.067
200	no	10	20	0.1	0.2	020	0.440	0.084
200	no	10	20	0.1	0.2	040	0.453	0.086
200	no	10	20	0.1	0.2	060	0.452	0.086
200	no	10	20	0.1	0.2	080	0.453	0.088
200	no	10	20	0.1	0.2	100	0.453	0.087
200	no	10	20	0.1	0.2	120	0.458	0.083
200	no	10	20	0.1	0.2	140	0.453	0.082
200	no	10	20	0.1	0.2	160	0.452	0.082
200	no	10	20	0.1	0.2	180	0.453	0.082
200	no	10	20	0.1	0.2	200	0.453	0.082
200	no	10	20	0.2	0.29	000	0.419	0.067
200	no	10	20	0.2	0.29	020	0.439	0.084
200	no	10	20	0.2	0.29	040	0.445	0.079
200	no	10	20	0.2	0.29	060	0.446	0.079
200	no	10	20	0.2	0.29	080	0.449	0.081
200	no	10	20	0.2	0.29	100	0.448	0.083
200	no	10	20	0.2	0.29	120	0.449	0.081
200	no	10	20	0.2	0.29	140	0.449	0.085
200	no	10	20	0.2	0.29	160	0.451	0.085
200	no	10	20	0.2	0.29	180	0.450	0.085
200	no	10	20	0.2	0.29	200	0.449	0.085
200	no	10	20	0.3	0.38	000	0.419	0.067
200	no	10	20	0.3	0.38	020	0.442	0.084
200	no	10	20	0.3	0.38	040	0.444	0.081
200	no	10	20	0.3	0.38	060	0.446	0.081
200	no	10	20	0.3	0.38	080	0.447	0.081
200	no	10	20	0.3	0.38	100	0.450	0.079
200	no	10	20	0.3	0.38	120	0.450	0.077
200	no	10	20	0.3	0.38	140	0.450	0.077
200	no	10	20	0.3	0.38	160	0.450	0.077
200	no	10	20	0.3	0.38	180	0.450	0.077
200	no	10	20	0.3	0.38	200	0.449	0.077
200	no	10	20	0.4	0.46	000	0.419	0.067
200	no	10	20	0.4	0.46	020	0.442	0.087
200	no	10	20	0.4	0.46	040	0.443	0.083
200	no	10	20	0.4	0.46	060	0.445	0.087
200	no	10	20	0.4	0.46	080	0.449	0.088
200	no	10	20	0.4	0.46	100	0.450	0.084
200	no	10	20	0.4	0.46	120	0.454	0.084
200	no	10	20	0.4	0.46	140	0.454	0.083
200	no	10	20	0.4	0.46	160	0.454	0.083
200	no	10	20	0.4	0.46	180	0.456	0.081
200	no	10	20	0.4	0.46	200	0.455	0.081
200	no	10	20	0.5	0.55	000	0.419	0.067
200	no	10	20	0.5	0.55	020	0.432	0.081
200	no	10	20	0.5	0.55	040	0.444	0.079
200	no	10	20	0.5	0.55	060	0.449	0.078
200	no	10	20	0.5	0.55	080	0.449	0.078
200	no	10	20	0.5	0.55	100	0.449	0.077
200	no	10	20	0.5	0.55	120	0.446	0.079
200	no	10	20	0.5	0.55	140	0.448	0.077
200	no	10	20	0.5	0.55	160	0.448	0.077
200	no	10	20	0.5	0.55	180	0.446	0.077
200	no	10	20	0.5	0.55	200	0.448	0.076
200	no	10	20	0.6	0.64	000	0.419	0.067
200	no	10	20	0.6	0.64	020	0.446	0.079
200	no	10	20	0.6	0.64	040	0.450	0.079
200	no	10	20	0.6	0.64	060	0.452	0.080
200	no	10	20	0.6	0.64	080	0.449	0.080
200	no	10	20	0.6	0.64	100	0.450	0.081
200	no	10	20	0.6	0.64	120	0.451	0.080
200	no	10	20	0.6	0.64	140	0.454	0.079
200	no	10	20	0.6	0.64	160	0.453	0.080
200	no	10	20	0.6	0.64	180	0.456	0.080
200	no	10	20	0.6	0.64	200	0.454	0.080
200	no	10	20	0.7	0.73	000	0.419	0.067
200	no	10	20	0.7	0.73	020	0.440	0.074
200	no	10	20	0.7	0.73	040	0.442	0.076
200	no	10	20	0.7	0.73	060	0.441	0.072
200	no	10	20	0.7	0.73	080	0.445	0.071
200	no	10	20	0.7	0.73	100	0.445	0.072
200	no	10	20	0.7	0.73	120	0.447	0.075
200	no	10	20	0.7	0.73	140	0.449	0.074
200	no	10	20	0.7	0.73	160	0.448	0.075
200	no	10	20	0.7	0.73	180	0.447	0.075
200	no	10	20	0.7	0.73	200	0.447	0.076
200	no	10	20	0.8	0.82	000	0.419	0.067
200	no	10	20	0.8	0.82	020	0.435	0.083
200	no	10	20	0.8	0.82	040	0.441	0.082
200	no	10	20	0.8	0.82	060	0.445	0.081
200	no	10	20	0.8	0.82	080	0.441	0.080
200	no	10	20	0.8	0.82	100	0.439	0.081
200	no	10	20	0.8	0.82	120	0.439	0.080
200	no	10	20	0.8	0.82	140	0.436	0.080
200	no	10	20	0.8	0.82	160	0.435	0.079
200	no	10	20	0.8	0.82	180	0.434	0.079
200	no	10	20	0.8	0.82	200	0.434	0.079
200	no	10	20	0.9	0.91	000	0.419	0.067
200	no	10	20	0.9	0.91	020	0.442	0.079
200	no	10	20	0.9	0.91	040	0.439	0.078
200	no	10	20	0.9	0.91	060	0.438	0.080
200	no	10	20	0.9	0.91	080	0.437	0.077
200	no	10	20	0.9	0.91	100	0.438	0.076
200	no	10	20	0.9	0.91	120	0.439	0.080
200	no	10	20	0.9	0.91	140	0.436	0.080
200	no	10	20	0.9	0.91	160	0.435	0.079
200	no	10	20	0.9	0.91	180	0.437	0.079
200	no	10	20	0.9	0.91	200	0.438	0.078
200	no	10	20	1.0	1.0	000	0.419	0.067
200	no	10	20	1.0	1.0	020	0.418	0.072
200	no	10	20	1.0	1.0	040	0.424	0.072
200	no	10	20	1.0	1.0	060	0.424	0.071
200	no	10	20	1.0	1.0	080	0.424	0.071
200	no	10	20	1.0	1.0	100	0.424	0.071
200	no	10	20	1.0	1.0	120	0.423	0.071
200	no	10	20	1.0	1.0	140	0.425	0.071
200	no	10	20	1.0	1.0	160	0.425	0.071
200	no	10	20	1.0	1.0	180	0.425	0.071
200	no	10	20	1.0	1.0	200	0.425	0.071
20news-50	no	10	20	0.0	0.0	000	0.419	0.068
20news-50	no	10	20	0.0	0.0	020	0.424	0.079
20news-50	no	10	20	0.0	0.0	040	0.430	0.076
20news-50	no	10	20	0.0	0.0	060	0.424	0.080
20news-50	no	10	20	0.0	0.0	080	0.425	0.078
20news-50	no	10	20	0.0	0.0	100	0.429	0.080
20news-50	no	10	20	0.0	0.0	120	0.427	0.079
20news-50	no	10	20	0.0	0.0	140	0.428	0.077
20news-50	no	10	20	0.0	0.0	160	0.427	0.084
20news-50	no	10	20	0.0	0.0	180	0.431	0.082
20news-50	no	10	20	0.0	0.0	200	0.429	0.077
20news-50	no	10	20	0.001	0.12	000	0.419	0.068
20news-50	no	10	20	0.001	0.12	020	0.438	0.077
20news-50	no	10	20	0.001	0.12	040	0.445	0.082
20news-50	no	10	20	0.001	0.12	060	0.451	0.079
20news-50	no	10	20	0.001	0.12	080	0.453	0.076
20news-50	no	10	20	0.001	0.12	100	0.454	0.077
20news-50	no	10	20	0.001	0.12	120	0.458	0.076
20news-50	no	10	20	0.001	0.12	140	0.462	0.077
20news-50	no	10	20	0.001	0.12	160	0.464	0.075
20news-50	no	10	20	0.001	0.12	180	0.464	0.076
20news-50	no	10	20	0.001	0.12	200	0.466	0.074
20news-50	no	10	20	0.1	0.2	000	0.419	0.068
20news-50	no	10	20	0.1	0.2	020	0.442	0.075
20news-50	no	10	20	0.1	0.2	040	0.450	0.075
20news-50	no	10	20	0.1	0.2	060	0.455	0.081
20news-50	no	10	20	0.1	0.2	080	0.461	0.081
20news-50	no	10	20	0.1	0.2	100	0.465	0.082
20news-50	no	10	20	0.1	0.2	120	0.467	0.085
20news-50	no	10	20	0.1	0.2	140	0.468	0.082
20news-50	no	10	20	0.1	0.2	160	0.470	0.081
20news-50	no	10	20	0.1	0.2	180	0.469	0.082
20news-50	no	10	20	0.1	0.2	200	0.469	0.082
20news-50	no	10	20	0.2	0.29	000	0.419	0.068
20news-50	no	10	20	0.2	0.29	020	0.438	0.086
20news-50	no	10	20	0.2	0.29	040	0.450	0.084
20news-50	no	10	20	0.2	0.29	060	0.456	0.085
20news-50	no	10	20	0.2	0.29	080	0.457	0.084
20news-50	no	10	20	0.2	0.29	100	0.459	0.082
20news-50	no	10	20	0.2	0.29	120	0.457	0.085
20news-50	no	10	20	0.2	0.29	140	0.456	0.083
20news-50	no	10	20	0.2	0.29	160	0.458	0.083
20news-50	no	10	20	0.2	0.29	180	0.457	0.082
20news-50	no	10	20	0.2	0.29	200	0.458	0.083
20news-50	no	10	20	0.3	0.38	000	0.419	0.068
20news-50	no	10	20	0.3	0.38	020	0.448	0.071
20news-50	no	10	20	0.3	0.38	040	0.457	0.079
20news-50	no	10	20	0.3	0.38	060	0.463	0.083
20news-50	no	10	20	0.3	0.38	080	0.467	0.081
20news-50	no	10	20	0.3	0.38	100	0.462	0.080
20news-50	no	10	20	0.3	0.38	120	0.463	0.079
20news-50	no	10	20	0.3	0.38	140	0.463	0.081
20news-50	no	10	20	0.3	0.38	160	0.463	0.080
20news-50	no	10	20	0.3	0.38	180	0.464	0.080
20news-50	no	10	20	0.3	0.38	200	0.464	0.080
20news-50	no	10	20	0.4	0.47	000	0.419	0.068
20news-50	no	10	20	0.4	0.47	020	0.457	0.079
20news-50	no	10	20	0.4	0.47	040	0.464	0.079
20news-50	no	10	20	0.4	0.47	060	0.466	0.082
20news-50	no	10	20	0.4	0.47	080	0.471	0.082
20news-50	no	10	20	0.4	0.47	100	0.470	0.080
20news-50	no	10	20	0.4	0.47	120	0.473	0.082
20news-50	no	10	20	0.4	0.47	140	0.474	0.080
20news-50	no	10	20	0.4	0.47	160	0.472	0.083
20news-50	no	10	20	0.4	0.47	180	0.472	0.081
20news-50	no	10	20	0.4	0.47	200	0.471	0.082
20news-50	no	10	20	0.5	0.55	000	0.419	0.068
20news-50	no	10	20	0.5	0.55	020	0.450	0.081
20news-50	no	10	20	0.5	0.55	040	0.460	0.087
20news-50	no	10	20	0.5	0.55	060	0.461	0.088
20news-50	no	10	20	0.5	0.55	080	0.465	0.080
20news-50	no	10	20	0.5	0.55	100	0.468	0.080
20news-50	no	10	20	0.5	0.55	120	0.464	0.081
20news-50	no	10	20	0.5	0.55	140	0.467	0.078
20news-50	no	10	20	0.5	0.55	160	0.466	0.080
20news-50	no	10	20	0.5	0.55	180	0.468	0.079
20news-50	no	10	20	0.5	0.55	200	0.467	0.080
20news-50	no	10	20	0.6	0.64	000	0.419	0.068
20news-50	no	10	20	0.6	0.64	020	0.453	0.080
20news-50	no	10	20	0.6	0.64	040	0.451	0.078
20news-50	no	10	20	0.6	0.64	060	0.449	0.079
20news-50	no	10	20	0.6	0.64	080	0.447	0.080
20news-50	no	10	20	0.6	0.64	100	0.448	0.080
20news-50	no	10	20	0.6	0.64	120	0.453	0.080
20news-50	no	10	20	0.6	0.64	140	0.454	0.081
20news-50	no	10	20	0.6	0.64	160	0.455	0.080
20news-50	no	10	20	0.6	0.64	180	0.456	0.080
20news-50	no	10	20	0.6	0.64	200	0.455	0.081
20news-50	no	10	20	0.7	0.73	000	0.419	0.068
20news-50	no	10	20	0.7	0.73	020	0.443	0.075
20news-50	no	10	20	0.7	0.73	040	0.460	0.082
20news-50	no	10	20	0.7	0.73	060	0.463	0.083
20news-50	no	10	20	0.7	0.73	080	0.462	0.085
20news-50	no	10	20	0.7	0.73	100	0.462	0.083
20news-50	no	10	20	0.7	0.73	120	0.461	0.082
20news-50	no	10	20	0.7	0.73	140	0.463	0.084
20news-50	no	10	20	0.7	0.73	160	0.465	0.085
20news-50	no	10	20	0.7	0.73	180	0.463	0.085
20news-50	no	10	20	0.7	0.73	200	0.463	0.084
20news-50	no	10	20	0.8	0.82	000	0.419	0.068
20news-50	no	10	20	0.8	0.82	020	0.435	0.077
20news-50	no	10	20	0.8	0.82	040	0.449	0.077
20news-50	no	10	20	0.8	0.82	060	0.455	0.078
20news-50	no	10	20	0.8	0.82	080	0.452	0.079
20news-50	no	10	20	0.8	0.82	100	0.455	0.080
20news-50	no	10	20	0.8	0.82	120	0.453	0.080
20news-50	no	10	20	0.8	0.82	140	0.457	0.079
20news-50	no	10	20	0.8	0.82	160	0.457	0.078
20news-50	no	10	20	0.8	0.82	180	0.459	0.077
20news-50	no	10	20	0.8	0.82	200	0.459	0.077
20news-50	no	10	20	0.9	0.91	000	0.419	0.068
20news-50	no	10	20	0.9	0.91	020	0.438	0.071
20news-50	no	10	20	0.9	0.91	040	0.449	0.069
20news-50	no	10	20	0.9	0.91	060	0.455	0.073
20news-50	no	10	20	0.9	0.91	080	0.459	0.073
20news-50	no	10	20	0.9	0.91	100	0.460	0.078
20news-50	no	10	20	0.9	0.91	120	0.461	0.079
20news-50	no	10	20	0.9	0.91	140	0.458	0.079
20news-50	no	10	20	0.9	0.91	160	0.462	0.082
20news-50	no	10	20	0.9	0.91	180	0.460	0.081
20news-50	no	10	20	0.9	0.91	200	0.458	0.079
20news-50	no	10	20	1.0	1.0	000	0.419	0.068
20news-50	no	10	20	1.0	1.0	020	0.416	0.080
20news-50	no	10	20	1.0	1.0	040	0.413	0.077
20news-50	no	10	20	1.0	1.0	060	0.415	0.077
20news-50	no	10	20	1.0	1.0	080	0.415	0.077
20news-50	no	10	20	1.0	1.0	100	0.416	0.078
20news-50	no	10	20	1.0	1.0	120	0.417	0.077
20news-50	no	10	20	1.0	1.0	140	0.417	0.078
20news-50	no	10	20	1.0	1.0	160	0.418	0.076
20news-50	no	10	20	1.0	1.0	180	0.418	0.076
20news-50	no	10	20	1.0	1.0	200	0.419	0.076
